0 0 0 20 0 0 0 0 0 0 0 0 0 0 0 0 58 58 58 58
0.5 0 0 20 0 0 0 0 0 0 0 0 0 0 0 0 58 58 58 58
1 0 0 20 0 0 0 0 0 0 0 0 0 0 0 0 58 58 58 58
1.5 0 0 20 0 0 0 0 0 0 0 0 0 0 0 0 58 58 58 58
2 0 0 20 0 0 0 0 0 0 0 0 0 0 0 0 58 58 58 58
2.5 0 0 20 0 0 0 0 0 0 0 0 0 0 0 0 58 58 58 58
3 0 0 20 0 0 0 0 0 0 0 0 0 0 0 0 58 58 58 58
3.5 0 0 20 0 0 0 0 0 0 0 0 0 0 0 0 58 58 58 58
4 0 0 20 0 0 0 0 0 0 0 0 0 0 0 0 58 58 58 58
4.5 0 0 20 0 0 0 0 0 0 0 0 0 0 0 0 58 58 58 58
5 0 0 20 0 0 0 0 0 0 0 0 0 0 0 0 58 58 58 58
5.5 0 0 20 0 0 0 0 0 0 0 0 0 0 0 0 58 58 58 58
6 0 0 20 0 0 0 0 0 0 0 0 0 0 0 0 58 58 58 58
6.5 0 0 20 0 0 0 0 0 0 0 0 0 0 0 0 58 58 58 58
7 0 0 20 0 0 0 0 0 0 0 0 0 0 0 0 58 58 58 58
7.5 0 0 20 0 0 0 0 0 0 0 0 0 0 0 0 58 58 58 58
8 0 0 20 0 0 0 0 0 0 0 0 0 0 0 0 58 58 58 58
8.5 0 0 20 0 0 0 0 0 0 0 0 0 0 0 0 58 58 58 58
9 0 0 20 0 0 0 0 0 0 0 0 0 0 0 0 58 58 58 58
9.5 0 0 20 0 0 0 0 0 0 0 0 0 0 0 0 58 58 58 58
